STARLETTE               
1 07646U 75010A   23170.87141699 -.00000148  00000+0 -16843-5 0  9995
2 07646  49.8234 100.0207 0205601  51.2983 310.6100 13.82319161443307
LAGEOS 1                
1 08820U 76039A   23170.67106015  .00000000  00000+0  00000+0 0  9990
2 08820 109.8063 164.7848 0044962 177.0442 349.5933  6.38664694843301
AJISAI (EGS)            
1 16908U 86061A   23170.85026862 -.00000070  00000+0  19111-3 0  9998
2 16908  50.0095 269.3396 0011216 276.8098 238.8991 12.44500747344245
COSMOS 1989 (ETALON 1)  
1 19751U 89001C   23170.46792036 -.00000014  00000+0  00000+0 0  9995
2 19751  64.4108 109.7553 0023977 214.7334 353.4656  2.13156293268055
COSMOS 2024 (ETALON 2)  
1 20026U 89039C   23170.76912257 -.00000074  00000+0  00000+0 0  9991
2 20026  65.4703 347.9248 0018801 218.0123 192.5639  2.13204496265198
LAGEOS 2                
1 22195U 92070B   23170.59721351 -.00000009  00000+0  00000+0 0  9991
2 22195  52.6437 237.7838 0138831  69.1147 355.9750  6.47294014724620
STELLA                  
1 22824U 93061B   23170.87121087 -.00000022  00000+0  10064-4 0  9993
2 22824  98.9275 205.4220 0006637 162.7403  11.7499 14.27405759548798
LARES                   
1 38077U 12006A   23170.77642840 -.00000038  00000+0  61100-5 0  9999
2 38077  69.4912 359.8851 0009563 338.6414  21.4212 12.54931156519889